create sequence seq1
increment by 1  // 숫자만큼 증가되는식
start with 201
maxvalue 999;



패키지 = 2개 이상의 저장프로시저나 함수를 묶어 관리운영하는기능

명세부, 몸체부로 나뉨

명세부 : 사용하는 것을 표시 (v_stu_no in student.stu_no%type,
                            v_stu_grade in student.stu_grade%type); 같은?
                            형식은 create (or replace) package pack1 is ~~
몸세부 : 저장프로시저, 함수의 식을 서술 시작은create (or replace) package body(여기 바디가 들어간다는 차이)pack1 is ~~

같은 함수(프로시저)를 사용해도 매개변수의 수, 형식(타입), 순서가 다르다면 같이사용가능(오버로딩)

1. 4 x 1
2. 3
3. 4
4. 4
5. 4
6. 2
7. 2
8. 1
9. 3
10. 4
11. 1
12. 3 x 4
13. 3
14. 3
15. 3
16. 4
17. 2
18. 2
19. 3
20. 1
21. 4
22. 1
23. 3
24. 3
25. 4
26. 2
27. 3
28. 1
29. 3
30. 4
31. 2 
32. 1
33. 2
34. 4
35. 4
36. 4 x 3 x 2
37. 1
38. 2
39. 1
40. 3
41. 2
42. 2
43. 3
44. 2
45. 1
46. 3
47. 3
48. 2
49. 1
50. 3
51. 1
52. 4
53. 2
54. 2
55. 3
56. 2
57. 1
58. 4
59. 3
60. 3
61.2
62. 2
63. 4
64. 4
65. 4
66. 1
67. 4
68. 4
69. ? 3?
70. 3
71. 2



1. 4
2. 3
3. 2
4. 3 x 4x 2
5. 4
6. 1?3?
7. 2 x 4
8. 4
9. 1
10. 2
11. 3
12. 2
13. 2
14. 3
15. 1
16. 1
17. 3
18. 1 x 4 x 2
19. 4
20. 3
21. 1
22. 1
23. 4 x 3 
24. 2
25.1 x3


1. 2
2. 2 
3. 1
4. 4
5. 2
6. 2
7. 3
8. 1
9. 3
10. 1
11. 3 x 
12. 1
13. 2
14. 3 3 x
15. 1 
16. 2 x
17. 3? 1 1
18. 4 x
19. 4
20. 1
21. 3
22. 2
23. 1
24. 3
25. 2
26. 4
27. 1
28. 4
29. 1
30. 3
31. 1
32. 2
33. 3
34. 3 ? x 1
35. 2 x 4
36. 2 x 4
37. 2
38. 1
39. 3
도메인이 원자값
완전함수종속
이항적함수종속
결정자가 후보키
다치
조
1. 2
2. 2 x 1 ? 답이이상하ㅗ
3. 4
4. 2 x 1
5. 3 x 2
6. 2
7. 2 x 3
8. 2 x 3
9. 1
10. 3
11. 4
12. 2
13. 1 x 4
14. 1
15. 4 x 1
16. 3 x 2 
17. 4
18. 4
19. 4
20. 2
21. 1 
22. 2 4 ? 2
23. 4 
24. 3 x 4
25. 2
26. 1
27. 3 4 ? 3 x 1
28. 4
29. 4
30. 2
31. 3
32. 3
33. 2 x 3
34. 4
35. 2
36. 3
37. 3
38. 3
39. 2 x 3
